BASE,1140,1000000,2251
BASE,1146,1000400,5516
BASE,2136,1000401,5517
BASE,2138,1051000,5526
BASE,3136,1051400,5534
BASE,3236,1051401,5549
BASE,3237,1056000,5552
BASE,3266,1056400,5554
BASE,3267,1056401,5577
BASE,4136,1200000,5578
BASE,4466,1201000,5587
BASE,3240,1201400,5607
BASE,4196,1201401,5608
BASE,21HS,1203000,5610
BASE,32HS,1203400,5638
BASE,41HS,1203401,5644
ADDT,1140,1203410,5651
ADDT,1146,1301000,5652
ADDT,2136,1301288,5680
ADDT,2138,1301400,5700
ADDT,3136,1301401,5702
ADDT,3236,1303000,5734
ADDT,3237,1303400,5746
ADDT,3266,1303401,5747
ADDT,3267,1303402,5748
ADDT,4136,1304000,5750
ADDT,4466,1304400,5765
ADDT,3240,1304401,5766
ADDT,4196,1305000,5768
ADDT,21HS,1305400,5810
ADDT,32HS,1305401,5811
ADDT,41HS,1306000,5825
,,1306401,5849
,,1314000,5862
,,1314400,5863
,,1314401,5864
,,1395000,5870
,,1395400,7F01
,,1395401,7F06
,,1403000,
,,1403173,
,,1403174,
,,1403176,
,,1403177,
,,1403183,
,,1403184,
,,1403187,
,,1403188,
,,1403229,
,,1403233,
,,1403234,
,,1403240,
,,1403242,
,,1403245,
,,1403263,
,,1403265,
,,1403271,
,,1403400,
,,1403401,
,,1403402,
,,1404000,
,,1404173,
,,1404174,
,,1404176,
,,1404177,
,,1404178,
,,1404183,
,,1404184,
,,1404187,
,,1404188,
,,1404214,
,,1404215,
,,1404229,
,,1404233,
,,1404234,
,,1404240,
,,1404241,
,,1404242,
,,1404245,
,,1404249,
,,1404263,
,,1404264,
,,1404265,
,,1404267,
,,1404271,
,,1404273,
,,1404400,
,,1404401,
,,1404402,
,,1405000,
,,1405233,
,,1405234,
,,1405400,
,,1405401,
,,1407000,
,,1407400,
,,1407401,
,,1408000,
,,1408163,
,,1408164,
,,1408183,
,,1408184,
,,1408243,
,,1408244,
,,1408400,
,,1408401,
,,1410000,
,,1410400,
,,1410401,
,,1411000,
,,1411400,
,,1411401,
,,1412000,
,,1412183,
,,1412184,
,,1412196,
,,1412197,
,,1412233,
,,1412234,
,,1412400,
,,1412401,
,,1413000,
,,1413400,
,,1413401,
,,1413405,
,,1414000,
,,1414196,
,,1414197,
,,1414400,
,,1414401,
,,1415000,
,,1415097,
,,1415163,
,,1415164,
,,1415183,
,,1415184,
,,1415196,
,,1415197,
,,1415201,
,,1415203,
,,1415243,
,,1415244,
,,1415289,
,,1415290,
,,1415291,
,,1415292,
,,1415295,
,,1415400,
,,1415401,
,,1418000,
,,1418400,
,,1418401,
,,1424000,
,,1424400,
,,1424401,
,,1512000,
,,1512400,
,,1512401,
,,1513000,
,,1513400,
,,1513401,
,,1514000,
,,1514400,
,,1514401,
,,1515000,
,,1515400,
,,1515401,
,,1516000,
,,1516400,
,,1516401,
,,1517000,
,,1517400,
,,1517401,
,,2002000,
,,2002400,
,,2002401,
,,2003000,
,,2003400,
,,2003401,
,,2004000,
,,2004400,
,,2004401,
,,2406000,
,,2406218,
,,2406400,
,,2406401,
,,2411000,
,,2411173,
,,2411175,
,,2411400,
,,2411401,
,,2476000,
,,2476400,
,,2476401,
,,2478000,
,,2478400,
,,2478401,
,,2479000,
,,2479400,
,,2479401,
,,2483000,
,,2483400,
,,2483401,
,,2484000,
,,2484400,
,,2484401,
,,2485000,
,,2485254,
,,2485400,
,,2485401,
,,2486000,
,,2486089,
,,2486163,
,,2486164,
,,2486183,
,,2486184,
,,2486189,
,,2486190,
,,2486400,
,,2486401,
,,2487000,
,,2487400,
,,2487401,
,,2488000,
,,2488400,
,,2488401,
,,2490000,
,,2490183,
,,2490184,
,,2490233,
,,2490234,
,,2490242,
,,2490400,
,,2490401,
,,2498000,
,,2498400,
,,2498401,
,,2499000,
,,2499183,
,,2499184,
,,2499193,
,,2499195,
,,2499265,
,,2499400,
,,2499401,
,,2500000,
,,2500400,
,,2500401,
,,2501000,
,,2501400,
,,2501401,
,,2502000,
,,2502173,
,,2502174,
,,2502175,
,,2502176,
,,2502177,
,,2502178,
,,2502183,
,,2502184,
,,2502185,
,,2502187,
,,2502188,
,,2502214,
,,2502215,
,,2502229,
,,2502233,
,,2502234,
,,2502240,
,,2502245,
,,2502263,
,,2502264,
,,2502265,
,,2502271,
,,2502273,
,,2502284,
,,2502288,
,,2502400,
,,2502401,
,,2503000,
,,2503173,
,,2503174,
,,2503175,
,,2503176,
,,2503177,
,,2503183,
,,2503184,
,,2503185,
,,2503187,
,,2503188,
,,2503233,
,,2503234,
,,2503263,
,,2503264,
,,2503265,
,,2503400,
,,2503401,
,,2504000,
,,2504183,
,,2504184,
,,2504193,
,,2504195,
,,2504400,
,,2504401,
,,2505000,
,,2505400,
,,2505401,
,,2508000,
,,2508400,
,,2508401,
,,2509000,
,,2509400,
,,2509401,
,,2511000,
,,2511400,
,,2511401,
,,2512000,
,,2512400,
,,2512401,
,,2513000,
,,2513400,
,,2513401,
,,2515000,
,,2515400,
,,2515401,
,,2516000,
,,2516183,
,,2516184,
,,2516251,
,,2516400,
,,2516401,
,,2518000,
,,2518183,
,,2518184,
,,2518251,
,,2518400,
,,2518401,
,,2519000,
,,2519183,
,,2519184,
,,2519187,
,,2519188,
,,2519242,
,,2519400,
,,2519401,
,,2523000,
,,2523183,
,,2523184,
,,2523242,
,,2523256,
,,2523400,
,,2523401,
,,2527000,
,,2527163,
,,2527164,
,,2527183,
,,2527184,
,,2527196,
,,2527197,
,,2527400,
,,2527401,
,,2528000,
,,2528183,
,,2528184,
,,2528242,
,,2528256,
,,2528400,
,,2528401,
,,2529000,
,,2529400,
,,2529401,
,,2530000,
,,2530400,
,,2530401,
,,2532000,
,,2532183,
,,2532184,
,,2532233,
,,2532234,
,,2532263,
,,2532265,
,,2532400,
,,2532401,
,,2533000,
,,2533183,
,,2533184,
,,2533233,
,,2533234,
,,2533263,
,,2533265,
,,2533400,
,,2533401,
,,2534000,
,,2534400,
,,2534401,
,,2536000,
,,2536400,
,,2536401,
,,2540000,
,,2540183,
,,2540184,
,,2540198,
,,2540199,
,,2540400,
,,2540401,
,,2541000,
,,2541400,
,,2541401,
,,2546000,
,,2546400,
,,2546401,
,,2548000,
,,2548400,
,,2548401,
,,2549000,
,,2549400,
,,2549401,
,,2550000,
,,2550400,
,,2550401,
,,2553000,
,,2553400,
,,2553401,
,,2554000,
,,2554163,
,,2554164,
,,2554183,
,,2554184,
,,2554196,
,,2554197,
,,2554400,
,,2554401,
,,2555000,
,,2555400,
,,2555401,
,,2556000,
,,2556400,
,,2556401,
,,2557000,
,,2557193,
,,2557195,
,,2557400,
,,2557401,
,,2558000,
,,2558183,
,,2558184,
,,2558233,
,,2558234,
,,2558265,
,,2558400,
,,2558401,
,,2559000,
,,2559183,
,,2559184,
,,2559233,
,,2559234,
,,2559265,
,,2559400,
,,2559401,
,,2560000,
,,2560163,
,,2560164,
,,2560183,
,,2560184,
,,2560196,
,,2560197,
,,2560400,
,,2560401,
,,2562000,
,,2562400,
,,2562401,
,,2567000,
,,2567183,
,,2567184,
,,2567233,
,,2567234,
,,2567400,
,,2567401,
,,2568000,
,,2568183,
,,2568184,
,,2568233,
,,2568234,
,,2568265,
,,2568400,
,,2568401,
,,2569000,
,,2569183,
,,2569184,
,,2569233,
,,2569234,
,,2569265,
,,2569400,
,,2569401,
,,2570000,
,,2570183,
,,2570184,
,,2570233,
,,2570234,
,,2570265,
,,2570400,
,,2570401,
,,2571000,
,,2571181,
,,2571183,
,,2571184,
,,2571201,
,,2571203,
,,2571204,
,,2571229,
,,2571233,
,,2571234,
,,2571240,
,,2571241,
,,2571242,
,,2571250,
,,2571251,
,,2571265,
,,2571269,
,,2571400,
,,2571401,
,,2572000,
,,2572181,
,,2572183,
,,2572184,
,,2572201,
,,2572203,
,,2572204,
,,2572229,
,,2572233,
,,2572234,
,,2572240,
,,2572241,
,,2572242,
,,2572250,
,,2572251,
,,2572253,
,,2572256,
,,2572265,
,,2572269,
,,2572400,
,,2572401,
,,2573000,
,,2573400,
,,2573401,
,,2574000,
,,2574400,
,,2574401,
,,2575000,
,,2575400,
,,2575401,
,,2576000,
,,2576400,
,,2576401,
,,2577000,
,,2577183,
,,2577184,
,,2577242,
,,2577251,
,,2577400,
,,2577401,
,,2578000,
,,2578183,
,,2578184,
,,2578242,
,,2578256,
,,2578265,
,,2578400,
,,2578401,
,,2579000,
,,2579400,
,,2579401,
,,2580000,
,,2580400,
,,2580401,
,,2601000,
,,2601400,
,,2601401,
,,2601404,
,,2602000,
,,2602400,
,,2602401,
,,2603000,
,,2603400,
,,2603401,
,,2603405,
,,2610000,
,,2610400,
,,2610401,
,,2613000,
,,2613400,
,,2613401,
,,2614000,
,,2614400,
,,2614401,
,,2617000,
,,2617400,
,,2617401,
,,2618000,
,,2618400,
,,2618401,
,,2621000,
,,2621400,
,,2621401,
,,2701000,
,,2701450,
,,2701451,
,,2702000,
,,2702450,
,,2702451,
,,2702455,
,,2704000,
,,2704400,
,,2704401,
,,2705000,
,,2705400,
,,2705401,
,,2706000,
,,2706400,
,,2706401,
,,2824000,
,,2824151,
,,2824152,
,,2824183,
,,2824184,
,,2824400,
,,2824401,
,,2828000,
,,2828151,
,,2828152,
,,2828160,
,,2828181,
,,2828183,
,,2828184,
,,2828229,
,,2828230,
,,2828271,
,,2828288,
,,2828400,
,,2828401,
,,2829000,
,,2829151,
,,2829152,
,,2829160,
,,2829181,
,,2829183,
,,2829184,
,,2829229,
,,2829230,
,,2829271,
,,2829288,
,,2829400,
,,2829401,
,,2830000,
,,2830151,
,,2830152,
,,2830160,
,,2830181,
,,2830183,
,,2830184,
,,2830229,
,,2830230,
,,2830271,
,,2830288,
,,2830400,
,,2830401,
,,2841000,
,,2841151,
,,2841152,
,,2841155,
,,2841156,
,,2841183,
,,2841184,
,,2841224,
,,2841225,
,,2841400,
,,2842155,
,,2842156,
,,2844000,
,,2844024,
,,2844090,
,,2844091,
,,2844224,
,,2844400,
,,2844401,
,,2881000,
,,2881400,
,,2882000,
,,2882400,
,,2883000,
,,2883400,
,,2883401,
,,2884000,
,,2884400,
,,2887000,
,,2887400,
,,2887401,
,,2888000,
,,2888400,
,,2888401,
,,2889000,
,,2889131,
,,2889132,
,,2889133,
,,2889155,
,,2889156,
,,2889159,
,,2889400,
,,2889401,
,,2894000,
,,2894150,
,,2894151,
,,2894152,
,,2894183,
,,2894184,
,,2894185,
,,2894400,
,,2894401,
,,2895000,
,,2895131,
,,2895132,
,,2895133,
,,2895155,
,,2895156,
,,2895159,
,,2895400,
,,2895401,
,,2896000,
,,2896150,
,,2896151,
,,2896183,
,,2896185,
,,2896400,
,,2896401,
,,2900000,
,,2900101,
,,2900103,
,,2900122,
,,2900125,
,,2900141,
,,2900142,
,,2900145,
,,2900163,
,,2900164,
,,2900165,
,,2900173,
,,2900174,
,,2900175,
,,2900176,
,,2900177,
,,2900183,
,,2900184,
,,2900185,
,,2900187,
,,2900188,
,,2900233,
,,2900234,
,,2900271,
,,2900400,
,,2900401,
,,2900403,
,,2901000,
,,2901400,
,,2901401,
,,2903000,
,,2903400,
,,2903401,
,,2908000,
,,2908400,
,,2908401,
,,2909000,
,,2909139,
,,2909140,
,,2909163,
,,2909164,
,,2909165,
,,2909173,
,,2909174,
,,2909175,
,,2909263,
,,2909265,
,,2909400,
,,2909401,
,,2909405,
,,2914000,
,,2914163,
,,2914164,
,,2914165,
,,2914173,
,,2914175,
,,2914400,
,,2914401,
,,2918000,
,,2918163,
,,2918165,
,,2918173,
,,2918175,
,,2918400,
,,2918401,
,,2924000,
,,2924104,
,,2924105,
,,2924106,
,,2924107,
,,2924128,
,,2924129,
,,2924130,
,,2924150,
,,2924151,
,,2924152,
,,2924160,
,,2924181,
,,2924183,
,,2924184,
,,2924185,
,,2924206,
,,2924207,
,,2924208,
,,2924229,
,,2924230,
,,2924257,
,,2924258,
,,2924271,
,,2924284,
,,2924288,
,,2924400,
,,2924401,
,,2927000,
,,2927151,
,,2927152,
,,2927155,
,,2927156,
,,2927183,
,,2927184,
,,2927400,
,,2927401,
,,2929000,
,,2929173,
,,2929174,
,,2929175,
,,2929400,
,,2929401,
,,2931000,
,,2931181,
,,2931183,
,,2931184,
,,2931185,
,,2931224,
,,2931225,
,,2931229,
,,2931400,
,,2931401,
,,2933000,
,,2933155,
,,2933156,
,,2933400,
,,2933401,
,,2936000,
,,2936128,
,,2936129,
,,2936130,
,,2936150,
,,2936151,
,,2936152,
,,2936160,
,,2936181,
,,2936183,
,,2936184,
,,2936185,
,,2936229,
,,2936230,
,,2936257,
,,2936258,
,,2936400,
,,2936401,
,,2941000,
,,2941183,
,,2941184,
,,2941185,
,,2941233,
,,2941234,
,,2941265,
,,2941271,
,,2941400,
,,2941401,
,,2944000,
,,2944151,
,,2944152,
,,2944160,
,,2944181,
,,2944183,
,,2944184,
,,2944229,
,,2944230,
,,2944400,
,,2944401,
,,2946000,
,,2946400,
,,2946401,
,,2947000,
,,2947400,
,,2947401,
,,2948180,
,,2948183,
,,2948185,
,,2948221,
,,2948222,
,,2948223,
,,2949000,
,,2949180,
,,2949181,
,,2949183,
,,2949184,
,,2949185,
,,2949229,
,,2949298,
,,2949299,
,,2949400,
,,2949401,
,,2951000,
,,2951400,
,,2951401,
,,2953000,
,,2953183,
,,2953184,
,,2953211,
,,2953213,
,,2953400,
,,2953401,
,,2954000,
,,2954400,
,,2954401,
,,2955000,
,,2955400,
,,2955401,
,,2956000,
,,2956400,
,,2956401,
,,2959000,
,,2959110,
,,2959111,
,,2959173,
,,2959175,
,,2959200,
,,2959201,
,,2959203,
,,2959204,
,,2959211,
,,2959213,
,,2959233,
,,2959234,
,,2959243,
,,2959244,
,,2959288,
,,2959400,
,,2959401,
,,2959402,
,,2960000,
,,2960183,
,,2960184,
,,2960219,
,,2960220,
,,2960221,
,,2960222,
,,2960400,
,,2960401,
,,2961000,
,,2961163,
,,2961165,
,,2961173,
,,2961175,
,,2961183,
,,2961185,
,,2961400,
,,2961401,
,,2962000,
,,2962163,
,,2962165,
,,2962173,
,,2962175,
,,2962183,
,,2962185,
,,2962400,
,,2962401,
,,2964000,
,,2964183,
,,2964184,
,,2964211,
,,2964213,
,,2964400,
,,2964401,
,,2965000,
,,2965183,
,,2965185,
,,2965211,
,,2965213,
,,2965221,
,,2965222,
,,2965400,
,,2965401,
,,2966000,
,,2966183,
,,2966184,
,,2966193,
,,2966195,
,,2966293,
,,2966294,
,,2966400,
,,2966401,
,,2967000,
,,2967110,
,,2967111,
,,2967173,
,,2967175,
,,2967183,
,,2967184,
,,2967201,
,,2967203,
,,2967211,
,,2967213,
,,2967221,
,,2967222,
,,2967233,
,,2967234,
,,2967243,
,,2967244,
,,2967400,
,,2967401,
,,2967402,
,,2968000,
,,2968183,
,,2968184,
,,2968211,
,,2968213,
,,2968233,
,,2968234,
,,2968400,
,,2968401,
,,2969000,
,,2969400,
,,2969401,
,,2970000,
,,2970183,
,,2970184,
,,2970211,
,,2970213,
,,2970400,
,,2970401,
,,2971000,
,,2971183,
,,2971184,
,,2971193,
,,2971195,
,,2971224,
,,2971225,
,,2971400,
,,2971401,
,,2995000,
,,2995400,
,,2995401,
,,2998000,
,,2998265,
,,2998269,
,,2998400,
,,2998401,
,,2999000,
,,2999263,
,,2999264,
,,2999265,
,,2999400,
,,2999401,
,,3000000,
,,3000400,
,,3000401,
,,3001000,
,,3001261,
,,3001265,
,,3001271,
,,3001288,
,,3001400,
,,3001401,
,,3001403,
,,3002000,
,,3002261,
,,3002265,
,,3002288,
,,3002400,
,,3002401,
,,3002403,
,,3003000,
,,3003400,
,,3003401,
,,3004000,
,,3004400,
,,3004401,
,,3006000,
,,3006233,
,,3006234,
,,3006261,
,,3006265,
,,3006271,
,,3006273,
,,3006284,
,,3006288,
,,3006400,
,,3006401,
,,3006403,
,,3007000,
,,3007400,
,,3007401,
,,3007403,
,,3008000,
,,3008265,
,,3008400,
,,3008401,
,,3012000,
,,3012400,
,,3012401,
,,3015000,
,,3015400,
,,3015401,
,,3016000,
,,3016400,
,,3016401,
,,3017000,
,,3017400,
,,3017401,
,,3018000,
,,3018400,
,,3018401,
,,3019000,
,,3019400,
,,3019401,
,,3019403,
,,3020000,
,,3020265,
,,3020271,
,,3020288,
,,3020400,
,,3020401,
,,3021000,
,,3021400,
,,3021401,
,,3022000,
,,3022400,
,,3022401,
,,3023000,
,,3023400,
,,3023403,
,,3024000,
,,3024400,
,,3024401,
,,3025000,
,,3025400,
,,3025401,
,,3026000,
,,3026400,
,,3026401,
,,3029000,
,,3029275,
,,3029400,
,,3029401,
,,3033000,
,,3033183,
,,3033185,
,,3033233,
,,3033234,
,,3033400,
,,3033401,
,,3034000,
,,3034183,
,,3034185,
,,3034233,
,,3034234,
,,3034400,
,,3034401,
,,3035000,
,,3035183,
,,3035185,
,,3035233,
,,3035234,
,,3035265,
,,3035400,
,,3035401,
,,3036000,
,,3036183,
,,3036185,
,,3036233,
,,3036234,
,,3036265,
,,3036400,
,,3036401,
,,3037000,
,,3037400,
,,3037401,
,,3040265,
,,3040288,
,,3048000,
,,3048400,
,,3048401,
,,3050000,
,,3050400,
,,3050401,
,,3051000,
,,3051400,
,,3051401,
,,3052000,
,,3052265,
,,3052271,
,,3052400,
,,3052401,
,,3053000,
,,3053400,
,,3053401,
,,3054000,
,,3054265,
,,3054400,
,,3054401,
,,3055000,
,,3055265,
,,3055271,
,,3055400,
,,3055401,
,,3056000,
,,3056265,
,,3056271,
,,3056400,
,,3056401,
,,3057000,
,,3057265,
,,3057400,
,,3057401,
,,3058000,
,,3058265,
,,3058271,
,,3058400,
,,3058401,
,,3059000,
,,3059265,
,,3059400,
,,3059401,
,,3060000,
,,3060265,
,,3060271,
,,3060400,
,,3060401,
,,3062000,
,,3062400,
,,3062401,
,,3064000,
,,3064263,
,,3064265,
,,3064271,
,,3064288,
,,3064400,
,,3064401,
,,3065000,
,,3065400,
,,3065401,
,,3066000,
,,3066400,
,,3066401,
,,3070000,
,,3070400,
,,3070401,
,,3071000,
,,3071400,
,,3071401,
,,3075000,
,,3075400,
,,3075401,
,,3076000,
,,3076400,
,,3076401,
,,3077000,
,,3077183,
,,3077184,
,,3077400,
,,3077401,
,,3078000,
,,3078400,
,,3078401,
,,3079000,
,,3079400,
,,3079401,
,,3080000,
,,3080400,
,,3080401,
,,3081000,
,,3081400,
,,3081401,
,,3081403,
,,3081405,
,,3082000,
,,3082400,
,,3082401,
,,3082403,
,,3083000,
,,3083400,
,,3083401,
,,3084000,
,,3084263,
,,3084264,
,,3084265,
,,3084271,
,,3084288,
,,3084400,
,,3084401,
,,3084403,
,,3084405,
,,3086000,
,,3086400,
,,3086401,
,,3088000,
,,3088400,
,,3088401,
,,3089000,
,,3089400,
,,3089401,
,,3091000,
,,3091400,
,,3091401,
,,3092000,
,,3092400,
,,3092401,
,,3093000,
,,3093400,
,,3093401,
,,3094000,
,,3094400,
,,3094401,
,,3095000,
,,3095400,
,,3095401,
,,3096000,
,,3096400,
,,3096401,
,,3098000,
,,3098400,
,,3098401,
,,3099000,
,,3099400,
,,3099401,
,,3106000,
,,3106400,
,,3106401,
,,3107000,
,,3107400,
,,3107401,
,,3108000,
,,3108400,
,,3108401,
,,3114000,
,,3114400,
,,3114401,
,,3115000,
,,3115400,
,,3115401,
,,3116000,
,,3116400,
,,3116401,
,,3117000,
,,3117400,
,,3117401,
,,3119000,
,,3119400,
,,3119401,
,,3120000,
,,3120400,
,,3120401,
,,3120403,
,,3121000,
,,3121400,
,,3121401,
,,3121403,
,,3122000,
,,3122400,
,,3122401,
,,3122403,
,,3124000,
,,3124400,
,,3124401,
,,3124403,
,,3124404,
,,3125000,
,,3125400,
,,3125401,
,,3125403,
,,3131000,
,,3131400,
,,3131401,
,,3132000,
,,3132400,
,,3132401,
,,3132403,
,,3133000,
,,3133400,
,,3133401,
,,3133403,
,,3134000,
,,3134400,
,,3134401,
,,3134403,
,,3135000,
,,3135400,
,,3135401,
,,3136000,
,,3136400,
,,3136401,
,,3136403,
,,3137000,
,,3137400,
,,3137401,
,,3139000,
,,3139400,
,,3139401,
,,3139403,
,,3140000,
,,3140400,
,,3140401,
,,3141000,
,,3141400,
,,3141401,
,,3141403,
,,3142000,
,,3142400,
,,3142401,
,,3142403,
,,3146000,
,,3146400,
,,3146401,
,,3146403,
,,3147000,
,,3147400,
,,3147401,
,,3147403,
,,3148000,
,,3148400,
,,3148401,
,,3149000,
,,3149400,
,,3149401,
,,3152000,
,,3152400,
,,3152401,
,,3161000,
,,3161400,
,,3161401,
,,3170000,
,,3170450,
,,3170460,
,,3203000,
,,3203400,
,,3203401,
,,3204000,
,,3204400,
,,3204401,
,,3204412,
,,3205000,
,,3205400,
,,3205401,
,,3206000,
,,3206400,
,,3206401,
,,3207000,
,,3207400,
,,3207401,
,,3210000,
,,3210400,
,,3210401,
,,3212000,
,,3212400,
,,3212401,
,,3213000,
,,3213400,
,,3213401,
,,3216000,
,,3216400,
,,3216401,
,,3220000,
,,3220400,
,,3220401,
,,3221000,
,,3221400,
,,3221401,
,,3224000,
,,3224400,
,,3224401,
,,3225000,
,,3225400,
,,3225401,
,,3227000,
,,3227400,
,,3227401,
,,3228000,
,,3228400,
,,3228401,
,,3230000,
,,3230400,
,,3230401,
,,3233000,
,,3233400,
,,3233401,
,,3234000,
,,3234400,
,,3234401,
,,3236000,
,,3236400,
,,3236401,
,,3239000,
,,3239400,
,,3239401,
,,3240000,
,,3240400,
,,3240401,
,,3241000,
,,3241400,
,,3241401,
,,3245000,
,,3245400,
,,3245401,
,,3246000,
,,3246400,
,,3246401,
,,3247000,
,,3247400,
,,3247401,
,,3248000,
,,3248400,
,,3248401,
,,3249000,
,,3249400,
,,3249401,
,,3250000,
,,3250400,
,,3250401,
,,3251000,
,,3251400,
,,3251401,
,,3252000,
,,3252400,
,,3252401,
,,3253000,
,,3253400,
,,3253401,
,,3254000,
,,3254400,
,,3254401,
,,3255000,
,,3255400,
,,3255401,
,,3256000,
,,3257000,
,,3257400,
,,3257401,
,,3258000,
,,3258400,
,,3258401,
,,3301000,
,,3301400,
,,3301401,
,,3301404,
,,3301451,
,,3302000,
,,3302400,
,,3302401,
,,3304000,
,,3304400,
,,3304401,
,,3311000,
,,3311400,
,,3311401,
,,3311404,
,,3312000,
,,3312400,
,,3312401,
,,3313000,
,,3313400,
,,3313401,
,,3401000,
,,3401400,
,,3401401,
,,3402000,
,,3402263,
,,3402264,
,,3402265,
,,3402400,
,,3402401,
,,3403000,
,,3403271,
,,3403400,
,,3403401,
,,3404000,
,,3404263,
,,3404265,
,,3404271,
,,3404400,
,,3404401,
,,3411000,
,,3411400,
,,3411401,
,,3412000,
,,3412400,
,,3412401,
,,3413000,
,,3413271,
,,3413288,
,,3413400,
,,3413401,
,,3413403,
,,3414000,
,,3414265,
,,3414400,
,,3414401,
,,3415000,
,,3415450,
,,3415451,
,,3415453,
,,3416000,
,,3416271,
,,3416400,
,,3416403,
,,3501000,
,,3501400,
,,3501401,
,,3501404,
,,3501410,
,,3502000,
,,3502400,
,,3502401,
,,3505000,
,,3505400,
,,3505401,
,,3506000,
,,3506400,
,,3506401,
,,3507000,
,,3507400,
,,3507401,
,,3511000,
,,3511400,
,,3511401,
,,3512000,
,,3512400,
,,3512401,
,,3513000,
,,3513400,
,,3513401,
,,3514000,
,,3514400,
,,3514401,
,,3516000,
,,3516400,
,,3516401,
,,3517000,
,,3517400,
,,3517401,
,,3519000,
,,3519400,
,,3519401,
,,3520000,
,,3520400,
,,3520401,
,,3522000,
,,3522263,
,,3522265,
,,3522400,
,,3522401,
,,3523000,
,,3523400,
,,3523401,
,,3524000,
,,3524400,
,,3524401,
,,3525000,
,,3525400,
,,3525401,
,,3526000,
,,3526400,
,,3526401,
,,3527000,
,,3527400,
,,3527401,
,,3529000,
,,3529265,
,,3529400,
,,3529401,
,,3530000,
,,3530265,
,,3530400,
,,3530401,
,,3534000,
,,3534400,
,,3534401,
,,3551000,
,,3551400,
,,3551401,
,,3588000,
,,3588400,
,,3588401,
,,3589000,
,,3589400,
,,3589401,
,,3590000,
,,3590400,
,,3590401,
,,3591000,
,,3591400,
,,3591401,
,,3592000,
,,3592400,
,,3592401,
,,3594000,
,,3594400,
,,3594401,
,,3595000,
,,3595400,
,,3595401,
,,3596000,
,,3596400,
,,3596401,
,,3597000,
,,3597400,
,,3597401,
,,3611000,
,,3611400,
,,3611401,
,,3612000,
,,3612400,
,,3612401,
,,3613000,
,,3613400,
,,3613401,
,,3614000,
,,3614265,
,,3614271,
,,3614288,
,,3614400,
,,3614401,
,,3615000,
,,3615400,
,,3615401,
,,3615410,
,,3616000,
,,3616400,
,,3616401,
,,3617000,
,,3617265,
,,3617271,
,,3617288,
,,3617400,
,,3617401,
,,3618000,
,,3618400,
,,3618401,
,,3619000,
,,3619271,
,,3619400,
,,3619401,
,,3620000,
,,3620400,
,,3620401,
,,3621000,
,,3621400,
,,3621401,
,,3622000,
,,3622400,
,,3622401,
,,3623000,
,,3623400,
,,3623401,
,,3624000,
,,3624400,
,,3624401,
,,3625000,
,,3625400,
,,3625401,
,,3626000,
,,3626400,
,,3626401,
,,3627000,
,,3627400,
,,3627401,
,,3628000,
,,3628400,
,,3628401,
,,3629000,
,,3629400,
,,3629401,
,,3630000,
,,3630400,
,,3630401,
,,3631000,
,,3631400,
,,3631401,
,,3632000,
,,3632400,
,,3632401,
,,3634000,
,,3634400,
,,3634401,
,,3635000,
,,3635400,
,,3635401,
,,3639000,
,,3639400,
,,3639401,
,,3640000,
,,3640400,
,,3640401,
,,3641000,
,,3641400,
,,3641401,
,,3642000,
,,3642400,
,,3642401,
,,3643000,
,,3643400,
,,3643401,
,,3644000,
,,3644400,
,,3644401,
,,3645000,
,,3645400,
,,3645401,
,,3646000,
,,3646400,
,,3646401,
,,3647000,
,,3647400,
,,3647401,
,,3648000,
,,3648263,
,,3648265,
,,3648271,
,,3648400,
,,3648401,
,,3649000,
,,3649263,
,,3649265,
,,3649271,
,,3649400,
,,3649401,
,,3650000,
,,3650263,
,,3650265,
,,3650271,
,,3650400,
,,3650401,
,,3651000,
,,3651263,
,,3651265,
,,3651271,
,,3651288,
,,3651400,
,,3651401,
,,3652000,
,,3652271,
,,3652400,
,,3652401,
,,3653000,
,,3653400,
,,3653401,
,,3654000,
,,3654400,
,,3654401,
,,3655000,
,,3655263,
,,3655265,
,,3655271,
,,3655400,
,,3655401,
,,3656000,
,,3656400,
,,3656401,
,,3657000,
,,3657400,
,,3657401,
,,3658000,
,,3658400,
,,3658401,
,,3659000,
,,3659400,
,,3659401,
,,3662000,
,,3662400,
,,3662401,
,,3663000,
,,3663400,
,,3663401,
,,3664000,
,,3664400,
,,3664401,
,,3665000,
,,3665400,
,,3665401,
,,3666000,
,,3666400,
,,3666401,
,,3667000,
,,3667400,
,,3667401,
,,3674000,
,,3674400,
,,3674401,
,,3675000,
,,3675183,
,,3675185,
,,3675233,
,,3675234,
,,3675265,
,,3675288,
,,3675400,
,,3675401,
,,3676000,
,,3676183,
,,3676185,
,,3676233,
,,3676234,
,,3676400,
,,3676401,
,,3677000,
,,3677183,
,,3677185,
,,3677233,
,,3677234,
,,3677265,
,,3677400,
,,3677401,
,,3678000,
,,3678183,
,,3678185,
,,3678233,
,,3678234,
,,3678400,
,,3678401,
,,3679000,
,,3679400,
,,3679401,
,,3681000,
,,3681400,
,,3681401,
,,3681403,
,,3687000,
,,3687400,
,,3687401,
,,3688000,
,,3688400,
,,3688401,
,,3689000,
,,3689400,
,,3689401,
,,3690000,
,,3690400,
,,3690401,
,,3692000,
,,3692400,
,,3692401,
,,3696000,
,,3696400,
,,3696401,
,,3697000,
,,3697400,
,,3697401,
,,3698000,
,,3698400,
,,3698401,
,,3704000,
,,3704400,
,,3704401,
,,3707000,
,,3707400,
,,3707401,
,,3711000,
,,3711400,
,,3711401,
,,3712000,
,,3712400,
,,3712401,
,,3713000,
,,3713400,
,,3713401,
,,3713402,
,,3723000,
,,3723183,
,,3723184,
,,3723211,
,,3723213,
,,3723400,
,,3723401,
,,3725000,
,,3725183,
,,3725184,
,,3725211,
,,3725213,
,,3725400,
,,3725401,
,,3726000,
,,3726183,
,,3726184,
,,3726211,
,,3726213,
,,3726400,
,,3726401,
,,3805000,
,,3805400,
,,3805401,
,,3809000,
,,3809400,
,,3809401,
,,3809410,
,,3810000,
,,3810400,
,,3810401,
,,3811000,
,,3811400,
,,3811401,
,,3901000,
,,3901400,
,,3901401,
,,3902000,
,,3902400,
,,3902401,
,,3905000,
,,3905400,
,,3905401,
,,3906000,
,,3906400,
,,3906401,
,,3908000,
,,3908263,
,,3908265,
,,3908271,
,,3908400,
,,3908401,
,,3910000,
,,3910400,
,,3910401,
,,3911000,
,,3911400,
,,3911401,
,,3912000,
,,3912400,
,,3912401,
,,3916000,
,,3916400,
,,3916401,
,,3921000,
,,3921400,
,,3921401,
,,3923000,
,,3923288,
,,3923400,
,,3923401,
,,3930000,
,,3930400,
,,3930401,
,,3931000,
,,3931400,
,,3931401,
,,3932000,
,,3932288,
,,3932400,
,,3932401,
,,3935000,
,,3935263,
,,3935265,
,,3935400,
,,3935401,
,,3936000,
,,3936265,
,,3936400,
,,3936401,
,,3937000,
,,3937400,
,,3937401,
,,3938000,
,,3938400,
,,3938401,
,,3939000,
,,3939173,
,,3939175,
,,3939288,
,,3939400,
,,3939401,
,,3941000,
,,3941400,
,,3941401,
,,3944000,
,,3944400,
,,3944401,
,,4001000,
,,4001400,
,,4001401,
,,4002000,
,,4002400,
,,4002401,
,,4003000,
,,4003400,
,,4003401,
,,4004000,
,,4004400,
,,4004401,
,,4006000,
,,4006400,
,,4006401,
,,4007000,
,,4007400,
,,4007401,
,,4008000,
,,4008400,
,,4008401,
,,4101000,
,,4101400,
,,4101401,
,,4101405,
,,4101410,
,,4101450,
,,4101451,
,,4101455,
,,4101456,
,,4101464,
,,4101468,
,,4102000,
,,4102400,
,,4102401,
,,4102405,
,,4102410,
,,4102450,
,,4102451,
,,4102455,
,,4102464,
,,4103000,
,,4103400,
,,4103401,
,,4103405,
,,4103410,
,,4103450,
,,4103451,
,,4103455,
,,4103456,
,,4104000,
,,4104400,
,,4104401,
,,4105000,
,,4105400,
,,4105401,
,,4108000,
,,4108400,
,,4108405,
,,4201000,
,,4201450,
,,4201451,
,,4202000,
,,4202450,
,,4202451,
,,4202455,
,,4202456,
,,4202469,
,,4203000,
,,4203450,
,,4203451,
,,4203455,
,,4206000,
,,4206401,
,,4206410,
,,4206450,
,,4206451,
,,4206455,
,,4206464,
,,4211000,
,,4211410,
,,4211450,
,,4211451,
,,4211455,
,,4215000,
,,4215401,
,,4215450,
,,4215451,
,,4215455,
,,4215456,
,,4220000,
,,4220450,
,,4220451,
,,4226000,
,,4226450,
,,4226451,
,,4231000,
,,4231450,
,,4231451,
,,4232000,
,,4232450,
,,4232451,
,,4237000,
,,4237400,
,,4237401,
,,4240000,
,,4240400,
,,4240401,
,,4241000,
,,4241263,
,,4241265,
,,4241400,
,,4241401,
,,4242000,
,,4242400,
,,4242401,
,,4243000,
,,4243400,
,,4243401,
,,4281000,
,,4281400,
,,4281401,
,,4286000,
,,4286400,
,,4286401,
,,4302000,
,,4302400,
,,4302401,
,,4303000,
,,4303400,
,,4303401,
,,4305000,
,,4305400,
,,4305401,
,,4306000,
,,4306400,
,,4306401,
,,4307000,
,,4307400,
,,4307401,
,,4309000,
,,4309400,
,,4309401,
,,4310000,
,,4310400,
,,4310401,
,,4313000,
,,4313400,
,,4313401,
,,4315000,
,,4315400,
,,4315401,
,,4316000,
,,4316450,
,,4316455,
,,4317000,
,,4317450,
,,4317455,
,,4318000,
,,4318450,
,,4318455,
,,4319000,
,,4319450,
,,4319455,
,,4320000,
,,4320450,
,,4320455,
,,4325000,
,,4325450,
,,4325451,
,,4325455,
,,4325464,
,,4326000,
,,4326450,
,,4326451,
,,4326455,
,,4326464,
,,4328000,
,,4328450,
,,4328451,
,,4328455,
,,4342000,
,,4342450,
,,4342451,
,,4342455,
,,4342464,
,,4401000,
,,4401400,
,,4401401,
,,4402000,
,,4402400,
,,4402401,
,,4404000,
,,4404400,
,,4404401,
,,4405000,
,,4405400,
,,4405401,
,,4406000,
,,4406400,
,,4406401,
,,4408000,
,,4408400,
,,4408401,
,,4409000,
,,4409400,
,,4409401,
,,4410000,
,,4410400,
,,4410401,
,,4413000,
,,4413400,
,,4413401,
,,4414000,
,,4414400,
,,4414401,
,,4421000,
,,4421400,
,,4421401,
,,4422000,
,,4422400,
,,4422401,
,,4423000,
,,4423400,
,,4423401,
,,4424000,
,,4424400,
,,4424401,
,,4499000,
,,4499400,
,,4499401,
,,4500000,
,,4500400,
,,4500401,
,,4501000,
,,4501263,
,,4501264,
,,4501265,
,,4501271,
,,4501400,
,,4501401,
,,4505000,
,,4505400,
,,4505401,
,,4505404,
,,4509000,
,,4509400,
,,4509401,
,,4511000,
,,4511288,
,,4511400,
,,4511401,
,,4517000,
,,4517400,
,,4517401,
,,4518000,
,,4518400,
,,4518401,
,,4520000,
,,4520400,
,,4520401,
,,4521000,
,,4521400,
,,4521401,
,,4522000,
,,4522400,
,,4522401,
,,4524000,
,,4524263,
,,4524264,
,,4524265,
,,4524400,
,,4524401,
,,4525000,
,,4525400,
,,4525401,
,,4526000,
,,4526400,
,,4526401,
,,4527000,
,,4527400,
,,4527401,
,,4529000,
,,4529400,
,,4529401,
,,4530000,
,,4530400,
,,4530401,
,,4531000,
,,4531400,
,,4531401,
,,4532000,
,,4532400,
,,4532401,
,,4534000,
,,4534400,
,,4534401,
,,4535000,
,,4535400,
,,4535401,
,,4536000,
,,4536400,
,,4536401,
,,4537000,
,,4537400,
,,4537401,
,,4538000,
,,4538400,
,,4538401,
,,4539000,
,,4539400,
,,4539401,
,,4540000,
,,4540400,
,,4540401,
,,4547000,
,,4547400,
,,4547401,
,,4548000,
,,4548400,
,,4548401,
,,4551000,
,,4551400,
,,4551401,
,,4552000,
,,4552400,
,,4552401,
,,4553000,
,,4553400,
,,4553401,
,,4554000,
,,4554400,
,,4554401,
,,4556000,
,,4556400,
,,4556401,
,,4557000,
,,4557400,
,,4557401,
,,4558000,
,,4558400,
,,4558401,
,,4559000,
,,4559400,
,,4559401,
,,4560000,
,,4560400,
,,4560401,
,,4562000,
,,4562400,
,,4562401,
,,4563000,
,,4563400,
,,4563401,
,,4564000,
,,4564400,
,,4564401,
,,4565000,
,,4565400,
,,4565401,
,,4566000,
,,4566400,
,,4566401,
,,4567000,
,,4567400,
,,4567401,
,,4568000,
,,4568400,
,,4568401,
,,4569000,
,,4569400,
,,4569401,
,,4571000,
,,4571400,
,,4571401,
,,4577000,
,,4577400,
,,4577401,
,,4581000,
,,4581400,
,,4581401,
,,4582000,
,,4582400,
,,4582401,
,,4690000,
,,4690400,
,,4690401,
,,4696000,
,,4696400,
,,4696401,
,,4697000,
,,4697400,
,,4697401,
,,4698000,
,,4698400,
,,4698401,
,,4699000,
,,4699400,
,,4699401,
,,4702000,
,,4702400,
,,4702401,
,,4703000,
,,4703450,
,,4703451,
,,4704000,
,,4704400,
,,4704401,
,,4705000,
,,4705400,
,,4705401,
,,4706000,
,,4706400,
,,4706401,
,,4710000,
,,4710400,
,,4710401,
,,4711000,
,,4711400,
,,4711401,
,,4712000,
,,4712400,
,,4712401,
,,4713000,
,,4713400,
,,4713401,
,,4715000,
,,4715400,
,,4715401,
,,4716000,
,,4716400,
,,4716401,
,,4717000,
,,4717400,
,,4717401,
,,4718000,
,,4718400,
,,4718401,
,,4719000,
,,4719400,
,,4719401,
,,4720000,
,,4720400,
,,4720401,
,,4721000,
,,4721400,
,,4721401,
,,4722000,
,,4722400,
,,4722401,
,,4723000,
,,4723400,
,,4723401,
,,4724000,
,,4724400,
,,4724401,
,,4725000,
,,4725288,
,,4725400,
,,4725401,
,,4726000,
,,4726400,
,,4726401,
,,4727000,
,,4727400,
,,4727401,
,,4731000,
,,4731400,
,,4731401,
,,4732000,
,,4732147,
,,4732149,
,,4732153,
,,4732154,
,,4732400,
,,4732401,
,,4735000,
,,4735400,
,,4735401,
,,4736000,
,,4736400,
,,4736401,
,,4737000,
,,4737400,
,,4737401,
,,4740000,
,,4740400,
,,4740401,
,,4741000,
,,4741400,
,,4741401,
,,4749000,
,,4749400,
,,4749401,
,,4750000,
,,4750400,
,,4750401,
,,4751000,
,,4751400,
,,4751401,
,,4752000,
,,4752400,
,,4752401,
,,4761000,
,,4761400,
,,4761401,
,,4762000,
,,4762450,
,,4762451,
,,4763000,
,,4763400,
,,4763401,
,,4767000,
,,4767048,
,,4767049,
,,4767118,
,,4767148,
,,4767400,
,,4767401,
,,4770000,
,,4770400,
,,4770401,
,,4771000,
,,4771400,
,,4771401,
,,4773000,
,,4773400,
,,4773401,
,,4774000,
,,4774265,
,,4774288,
,,4774400,
,,4774401,
,,4775000,
,,4775265,
,,4775400,
,,4775401,
,,4777000,
,,4777400,
,,4777401,
,,4778000,
,,4778400,
,,4778401,
,,4779000,
,,4779400,
,,4779401,
,,4780000,
,,4780271,
,,4780400,
,,4780401,
,,4781000,
,,4781271,
,,4781400,
,,4781401,
,,4782000,
,,4782271,
,,4782400,
,,4782401,
,,4783000,
,,4783288,
,,4783400,
,,4783401,
,,4784000,
,,4784271,
,,4784288,
,,4784400,
,,4784401,
,,4785000,
,,4785271,
,,4785400,
,,4785401,
,,4786000,
,,4786265,
,,4786271,
,,4786400,
,,4786401,
,,4790000,
,,4790271,
,,4790400,
,,4790401,
,,4791000,
,,4791271,
,,4791400,
,,4791401,
,,4792000,
,,4792265,
,,4792271,
,,4792400,
,,4792401,
,,4794000,
,,4794400,
,,4794401,
,,4795000,
,,4795400,
,,4795401,
,,4796000,
,,4796265,
,,4796400,
,,4796401,
,,4797000,
,,4797265,
,,4797400,
,,4797401,
,,4798000,
,,4798400,
,,4798401,
,,4800000,
,,4800400,
,,4800401,
,,4801000,
,,4801400,
,,4801401,
,,4801404,
,,4802000,
,,4802400,
,,4802401,
,,4802410,
,,4803000,
,,4803400,
,,4803401,
,,4805000,
,,4805400,
,,4805401,
,,4806000,
,,4806400,
,,4806401,
,,4808000,
,,4808400,
,,4808401,
,,4809000,
,,4809400,
,,4809401,
,,4810000,
,,4810450,
,,4810458,
,,4811000,
,,4811400,
,,4811401,
,,4812000,
,,4812400,
,,4812401,
,,4813000,
,,4813288,
,,4813400,
,,4813401,
,,4814000,
,,4814400,
,,4814401,
,,4902000,
,,4902400,
,,4902401,
,,4905000,
,,4905400,
,,4905401,
,,4906000,
,,4906173,
,,4906174,
,,4906175,
,,4906181,
,,4906183,
,,4906184,
,,4906187,
,,4906188,
,,4906229,
,,4906233,
,,4906234,
,,4906240,
,,4906245,
,,4906400,
,,4906401,
,,4910000,
,,4910400,
,,4910401,
,,4911000,
,,4911183,
,,4911184,
,,4911400,
,,4911401,
,,4913000,
,,4913400,
,,4913401,
,,4914000,
,,4914400,
,,4914401,
,,4915000,
,,4915400,
,,4915401,
,,4920000,
,,4920233,
,,4920234,
,,4920275,
,,4920280,
,,4920400,
,,4920401,
,,4922000,
,,4922400,
,,4922401,
,,4923000,
,,4923400,
,,4923401,
,,4924000,
,,4924400,
,,4924401,
,,4925000,
,,4925400,
,,4925401,
,,4927000,
,,4927400,
,,4927401,
,,4929000,
,,4929242,
,,4929255,
,,4929256,
,,4929400,
,,4929401,
,,4931000,
,,4931400,
,,4931401,
,,4932000,
,,4932400,
,,4932401,
,,4933000,
,,4933400,
,,4933401,
,,4935000,
,,4935400,
,,4935401,
,,4936000,
,,4936400,
,,4936401,
,,4937000,
,,4937400,
,,4937401,
,,4938000,
,,4938400,
,,4938401,
,,4940000,
,,4940265,
,,4940400,
,,4940401,
,,4941000,
,,4941180,
,,4941183,
,,4941184,
,,4941185,
,,4941223,
,,4941400,
,,4941401,
,,4942000,
,,4942400,
,,4942401,
,,4943000,
,,4943183,
,,4943184,
,,4943400,
,,4943401,
,,4946000,
,,4946400,
,,4946401,
,,4947000,
,,4947400,
,,4947401,
,,4948000,
,,4948400,
,,4948401,
,,4950000,
,,4950183,
,,4950184,
,,4950233,
,,4950234,
,,4950265,
,,4950269,
,,4950271,
,,4950400,
,,4950401,
,,4951000,
,,4951183,
,,4951184,
,,4951233,
,,4951234,
,,4951265,
,,4951400,
,,4951401,
,,4952000,
,,4952183,
,,4952184,
,,4952233,
,,4952234,
,,4952400,
,,4952401,
,,4953000,
,,4953183,
,,4953184,
,,4953265,
,,4953400,
,,4953401,
,,4954000,
,,4954183,
,,4954184,
,,4954265,
,,4954400,
,,4954401,
,,4955000,
,,4955400,
,,4956000,
,,4956183,
,,4956184,
,,4956400,
,,4956401,
,,4960000,
,,4960183,
,,4960184,
,,4960233,
,,4960234,
,,4960242,
,,4960265,
,,4960400,
,,4960401,
,,4961000,
,,4961400,
,,4961401,
,,4962000,
,,4962400,
,,4962401,
,,4963000,
,,4963400,
,,4963401,
,,4964000,
,,4964183,
,,4964184,
,,4964233,
,,4964234,
,,4964400,
,,5001000,
,,5001400,
,,5001401,
,,5002000,
,,5002400,
,,5002401,
,,5003000,
,,5003400,
,,5003401,
,,5004000,
,,5004400,
,,5004401,
,,5005000,
,,5005400,
,,5005401,
,,5009000,
,,5009400,
,,5009401,
,,5010000,
,,5010400,
,,5010401,
,,5013000,
,,5013400,
,,5013401,
,,5015000,
,,5015400,
,,5015401,
,,5016000,
,,5016400,
,,5016401,
,,5020000,
,,5020400,
,,5020401,
,,5022000,
,,5022400,
,,5022401,
,,5024000,
,,5024400,
,,5024401,
,,5025000,
,,5025400,
,,5025401,
,,5028000,
,,5028400,
,,5028401,
,,5029000,
,,5029400,
,,5029401,
,,5030000,
,,5030400,
,,5030401,
,,5031000,
,,5031400,
,,5031401,
,,5032000,
,,5032400,
,,5032401,
,,5033000,
,,5033400,
,,5033401,
,,5034000,
,,5034173,
,,5034174,
,,5034175,
,,5034181,
,,5034183,
,,5034184,
,,5034185,
,,5034200,
,,5034201,
,,5034202,
,,5034203,
,,5034204,
,,5034209,
,,5034210,
,,5034216,
,,5034217,
,,5034229,
,,5034233,
,,5034234,
,,5034263,
,,5034265,
,,5034269,
,,5034400,
,,5034401,
,,5035000,
,,5035400,
,,5035401,
,,5037000,
,,5037400,
,,5037401,
,,5043000,
,,5043400,
,,5043401,
,,5044000,
,,5044400,
,,5044401,
,,5048000,
,,5048400,
,,5048401,
,,5049000,
,,5049181,
,,5049183,
,,5049184,
,,5049200,
,,5049201,
,,5049203,
,,5049204,
,,5049229,
,,5049400,
,,5049401,
,,5112000,
,,5112400,
,,5112401,
,,5114000,
,,5114263,
,,5114265,
,,5114400,
,,5114401,
,,5115000,
,,5115263,
,,5115265,
,,5115400,
,,5115401,
,,5510000,
,,5510450,
,,5510464,
,,5803000,
,,5803400,
,,5803401,
,,5823000,
,,5823400,
,,5823401,
,,5824000,
,,5824400,
,,5824401,
,,5824402,
,,5825000,
,,5825400,
,,5825401,
,,5826000,
,,5826400,
,,5826401,
,,5828000,
,,5828400,
,,5828401,
,,5829000,
,,5829400,
,,5829401,
,,5830000,
,,5830400,
,,5830401,
,,5831000,
,,5831400,
,,5831401,
,,5833000,
,,5833400,
,,5833401,
,,5834000,
,,5834400,
,,5834401,
,,5835000,
,,5835400,
,,5835401,
,,5836000,
,,5836400,
,,5836401,
,,5837000,
,,5837400,
,,5837401,
,,5838000,
,,5838400,
,,5838401,
,,5839000,
,,5839400,
,,5839401,
,,5840000,
,,5840400,
,,5840401,
,,5841000,
,,5841400,
,,5841401,
,,5846000,
,,5846400,
,,5846401,
,,5872000,
,,5872400,
,,5872401,
,,5873000,
,,5873400,
,,5873401,
,,5874000,
,,5874400,
,,5874401,
,,5875000,
,,5875400,
,,5875401,
,,5879000,
,,5879400,
,,5879401,
,,5901000,
,,5901400,
,,5901401,
,,5902000,
,,5902400,
,,5902401,
,,5903000,
,,5903400,
,,5903401,
,,5921000,
,,5921400,
,,5921401,
,,5922000,
,,5922400,
,,5922401,
,,5923000,
,,5923400,
,,5923401,
,,5924000,
,,5924400,
,,5924401,
,,5925000,
,,5925400,
,,5925401,
,,5941000,
,,5941400,
,,5941401,
,,5991000,
,,5991400,
,,5991401,
,,5991450,
,,5991451,
,,6001000,
,,6001400,
,,6001401,
,,6001450,
,,6001451,
,,6001457,
,,6001458,
,,6001466,
,,6004000,
,,6004400,
,,6004401,
,,6004450,
,,6004451,
,,6004457,
,,6004466,
,,6005000,
,,6005400,
,,6005401,
,,6005450,
,,6005451,
,,6005466,
,,6114000,
,,6114400,
,,6114401,
,,6318000,
,,6318450,
,,6318455,
,,6320000,
,,6320400,
,,6320401,
,,6325000,
,,6325400,
,,6325401,
,,6326000,
,,6326400,
,,6326401,
,,6328000,
,,6328400,
,,6328401,
,,6350000,
,,6350400,
,,6350401,
,,6352000,
,,6352400,
,,6352401,
,,6353000,
,,6353400,
,,6353401,
,,6355000,
,,6355400,
,,6355401,
,,6356000,
,,6356400,
,,6356401,
,,6359000,
,,6359400,
,,6359401,
,,6360000,
,,6360400,
,,6360401,
,,6361000,
,,6361400,
,,6361401,
,,6367000,
,,6367400,
,,6367401,
,,6370000,
,,6370400,
,,6370401,
,,6400000,
,,6400400,
,,6400401,
,,6690000,
,,6690400,
,,6690401,
,,6691000,
,,6691400,
,,6691401,
,,6692000,
,,6692400,
,,6692401,
,,6693000,
,,6693400,
,,6693401,
,,6694000,
,,6694400,
,,6694401,
,,6695000,
,,6695400,
,,6695401,
,,6721000,
,,6721400,
,,6721401,
,,6722000,
,,6722400,
,,6722401,
,,6723000,
,,6723400,
,,6723401,
,,6724000,
,,6724400,
,,6724401,
,,6726000,
,,6726400,
,,6726401,
,,6727000,
,,6727400,
,,6727401,
,,6729000,
,,6729400,
,,6729401,
,,6730000,
,,6730400,
,,6730401,
,,6731000,
,,6731400,
,,6731401,
,,6733000,
,,6733400,
,,6733401,
,,6738000,
,,6738400,
,,6738401,
,,6741000,
,,6741400,
,,6741401,
,,6745000,
,,6745400,
,,6745401,
,,6749000,
,,6749400,
,,6749401,
,,6750000,
,,6750400,
,,6750401,
,,6751000,
,,6751400,
,,6751401,
,,6752000,
,,6752400,
,,6752401,
,,6753000,
,,6753400,
,,6753401,
,,6754000,
,,6754400,
,,6754401,
,,6761000,
,,6761400,
,,6761401,
,,6762000,
,,6762400,
,,6762401,
,,6765000,
,,6765400,
,,6765401,
,,6769000,
,,6769400,
,,6769401,
,,6770000,
,,6770400,
,,6770401,
,,6771000,
,,6771400,
,,6771401,
,,6776000,
,,6776400,
,,6776401,
,,6777000,
,,6777400,
,,6777401,
,,6778000,
,,6778400,
,,6778401,
,,6779000,
,,6779400,
,,6779401,
,,6780000,
,,6780400,
,,6780401,
,,6783000,
,,6783400,
,,6783401,
,,6786000,
,,6786400,
,,6786401,
,,6791000,
,,6791400,
,,6791401,
,,6796000,
,,6796400,
,,6796401,
,,7201000,
,,7201400,
,,7201401,
,,7202000,
,,7202271,
,,7202400,
,,7202401,
,,7203000,
,,7203400,
,,7203401,
,,7205000,
,,7205183,
,,7205184,
,,7205221,
,,7205222,
,,7205271,
,,7205400,
,,7205401,
,,7206000,
,,7206271,
,,7206400,
,,7206401,
,,7207000,
,,7207271,
,,7207400,
,,7207401,
,,7208000,
,,7208271,
,,7208400,
,,7208401,
,,7211000,
,,7211183,
,,7211184,
,,7211211,
,,7211213,
,,7211221,
,,7211222,
,,7211400,
,,7211401,
,,7221000,
,,7221400,
,,7221401,
,,7222000,
,,7222400,
,,7222401,
,,7223000,
,,7223183,
,,7223184,
,,7223242,
,,7223254,
,,7223256,
,,7223282,
,,7223283,
,,7223400,
,,7223401,
,,7224000,
,,7224051,
,,7224096,
,,7224183,
,,7224184,
,,7224196,
,,7224233,
,,7224234,
,,7224251,
,,7224400,
,,7225000,
,,7225183,
,,7225184,
,,7225242,
,,7225251,
,,7225400,
,,7226000,
,,7226183,
,,7226184,
,,7226251,
,,7226400,
,,7227251,
,,7231000,
,,7231183,
,,7231184,
,,7231201,
,,7231203,
,,7231233,
,,7231234,
,,7231251,
,,7231256,
,,7231400,
,,7231401,
,,7256000,
,,7256400,
,,7256401,
,,7257000,
,,7257400,
,,7257401,
,,7258000,
,,7258400,
,,7258401,
,,7259000,
,,7259400,
,,7259401,
,,7263000,
,,7263400,
,,7263401,
,,7269000,
,,7269400,
,,7269401,
,,7271000,
,,7271110,
,,7271111,
,,7271181,
,,7271183,
,,7271184,
,,7271211,
,,7271213,
,,7271229,
,,7271400,
,,7271401,
,,7272000,
,,7272183,
,,7272184,
,,7272211,
,,7272213,
,,7272221,
,,7272222,
,,7272400,
,,7272401,
,,7273000,
,,7273183,
,,7273184,
,,7273211,
,,7273213,
,,7273221,
,,7273222,
,,7273400,
,,7273401,
,,7285000,
,,7285450,
,,7285451,
,,7330000,
,,7330242,
,,7330265,
,,7330288,
,,7330400,
,,7330403,
,,7332000,
,,7332242,
,,7332265,
,,7332400,
,,7344000,
,,7344450,
,,7344460,
,,7354000,
,,7354400,
,,7354401,
,,7355000,
,,7355400,
,,7355401,
,,7356000,
,,7356450,
,,7356455,
,,7357000,
,,7357400,
,,7357401,
,,7358000,
,,7358400,
,,7358401,
,,7359000,
,,7359400,
,,7359401,
,,7360000,
,,7360400,
,,7360401,
,,7361000,
,,7361400,
,,7361401,
,,7361403,
,,7386000,
,,7386181,
,,7386183,
,,7386184,
,,7386200,
,,7386201,
,,7386203,
,,7386204,
,,7386229,
,,7386400,
,,7386401,
,,7387000,
,,7387181,
,,7387183,
,,7387184,
,,7387229,
,,7387265,
,,7387269,
,,7387400,
,,7387401,
,,7388000,
,,7388181,
,,7388183,
,,7388184,
,,7388200,
,,7388201,
,,7388203,
,,7388204,
,,7388229,
,,7388233,
,,7388234,
,,7388240,
,,7388241,
,,7388242,
,,7388245,
,,7388250,
,,7388251,
,,7388253,
,,7388256,
,,7388400,
,,7388401,
,,7392000,
,,7392400,
,,7392401,
,,7393000,
,,7393097,
,,7393163,
,,7393164,
,,7393183,
,,7393184,
,,7393196,
,,7393197,
,,7393211,
,,7393213,
,,7393221,
,,7393222,
,,7393243,
,,7393244,
,,7393400,
,,7393401,
,,7394000,
,,7394400,
,,7394401,
,,7395000,
,,7395400,
,,7395401,
,,7396000,
,,7396400,
,,7396401,
,,7397000,
,,7397242,
,,7397251,
,,7397252,
,,7397277,
,,7397278,
,,7397400,
,,7397401,
,,7398000,
,,7398183,
,,7398184,
,,7398233,
,,7398234,
,,7398242,
,,7398251,
,,7398252,
,,7398277,
,,7398278,
,,7398400,
,,7398401,
,,7399000,
,,7399400,
,,7399401,
,,7400000,
,,7400400,
,,7400401,
,,7401000,
,,7401450,
,,7401451,
,,7401454,
,,7401455,
,,7402000,
,,7402450,
,,7402451,
,,7402452,
,,7403000,
,,7403265,
,,7403271,
,,7403288,
,,7403400,
,,7403401,
,,7404000,
,,7404450,
,,7404451,
,,7406000,
,,7406400,
,,7406401,
,,7407000,
,,7407400,
,,7407401,
,,7408000,
,,7408400,
,,7408401,
,,7408450,
,,7408451,
,,7410000,
,,7410126,
,,7410127,
,,7410400,
,,7410401,
,,7411000,
,,7411450,
,,7411451,
,,7412000,
,,7412400,
,,7412401,
,,7414000,
,,7414400,
,,7414401,
,,7415000,
,,7415450,
,,7415464,
,,7416000,
,,7416450,
,,7416464,
,,7417000,
,,7417341,
,,7417354,
,,7417450,
,,7417464,
,,7418000,
,,7418400,
,,7418401,
,,7419000,
,,7419400,
,,7419401,
,,7420000,
,,7420183,
,,7420184,
,,7420221,
,,7420222,
,,7420271,
,,7420400,
,,7420401,
,,7421000,
,,7421183,
,,7421184,
,,7421233,
,,7421234,
,,7421271,
,,7421400,
,,7421401,
,,7422000,
,,7422271,
,,7422400,
,,7422401,
,,7423000,
,,7423271,
,,7423400,
,,7423401,
,,7424000,
,,7424271,
,,7424400,
,,7424401,
,,7425000,
,,7425400,
,,7425401,
,,7426000,
,,7426400,
,,7426401,
,,7427000,
,,7427183,
,,7427184,
,,7427211,
,,7427213,
,,7427400,
,,7427401,
,,7428000,
,,7428183,
,,7428184,
,,7428211,
,,7428213,
,,7428400,
,,7428401,
,,7429000,
,,7429183,
,,7429184,
,,7429233,
,,7429234,
,,7429240,
,,7429244,
,,7429245,
,,7429296,
,,7429297,
,,7429400,
,,7429401,
,,7430000,
,,7430183,
,,7430184,
,,7430233,
,,7430234,
,,7430240,
,,7430245,
,,7430296,
,,7430297,
,,7430400,
,,7430401,
,,7432000,
,,7432400,
,,7432401,
,,7433000,
,,7433400,
,,7433401,
,,7434000,
,,7434183,
,,7434184,
,,7434201,
,,7434203,
,,7434233,
,,7434234,
,,7434242,
,,7434243,
,,7434244,
,,7434251,
,,7434253,
,,7434256,
,,7434265,
,,7434400,
,,7434401,
,,7435000,
,,7435173,
,,7435175,
,,7435183,
,,7435184,
,,7435201,
,,7435203,
,,7435233,
,,7435234,
,,7435242,
,,7435251,
,,7435256,
,,7435265,
,,7435271,
,,7435400,
,,7435401,
,,7436000,
,,7436181,
,,7436183,
,,7436184,
,,7436201,
,,7436203,
,,7436229,
,,7436233,
,,7436234,
,,7436242,
,,7436243,
,,7436244,
,,7436250,
,,7436251,
,,7436253,
,,7436256,
,,7436265,
,,7436400,
,,7436401,
,,7437000,
,,7437265,
,,7437400,
,,7437401,
,,7438000,
,,7438183,
,,7438184,
,,7438201,
,,7438203,
,,7438233,
,,7438234,
,,7438242,
,,7438400,
,,7438401,
,,7439000,
,,7439181,
,,7439183,
,,7439184,
,,7439200,
,,7439201,
,,7439203,
,,7439204,
,,7439229,
,,7439233,
,,7439234,
,,7439240,
,,7439241,
,,7439242,
,,7439245,
,,7439250,
,,7439251,
,,7439253,
,,7439256,
,,7439265,
,,7439269,
,,7439400,
,,7439401,
,,7440000,
,,7440181,
,,7440183,
,,7440184,
,,7440200,
,,7440201,
,,7440203,
,,7440204,
,,7440229,
,,7440233,
,,7440234,
,,7440240,
,,7440241,
,,7440242,
,,7440245,
,,7440250,
,,7440251,
,,7440253,
,,7440256,
,,7440265,
,,7440269,
,,7440400,
,,7440401,
,,7441000,
,,7441400,
,,7441401,
,,7442000,
,,7442183,
,,7442184,
,,7442211,
,,7442213,
,,7442400,
,,7442401,
,,7443000,
,,7443183,
,,7443184,
,,7443211,
,,7443213,
,,7443400,
,,7443401,
,,7444000,
,,7444183,
,,7444184,
,,7444233,
,,7444234,
,,7444242,
,,7444251,
,,7444252,
,,7444277,
,,7444278,
,,7444400,
,,7444401,
,,7445000,
,,7445183,
,,7445184,
,,7445221,
,,7445222,
,,7445400,
,,7445401,
,,7446000,
,,7446183,
,,7446184,
,,7446193,
,,7446195,
,,7446271,
,,7446400,
,,7446401,
,,7447000,
,,7447400,
,,7447401,
,,7448000,
,,7448137,
,,7448138,
,,7448183,
,,7448184,
,,7448400,
,,7448401,
,,7449000,
,,7449137,
,,7449138,
,,7449183,
,,7449184,
,,7449400,
,,7449401,
,,7450000,
,,7450163,
,,7450164,
,,7450183,
,,7450184,
,,7450201,
,,7450203,
,,7450400,
,,7450401,
,,7451000,
,,7451400,
,,7451401,
,,7452000,
,,7452173,
,,7452174,
,,7452183,
,,7452184,
,,7452201,
,,7452203,
,,7452233,
,,7452234,
,,7452242,
,,7452251,
,,7452256,
,,7452265,
,,7452271,
,,7452400,
,,7452401,
,,7453000,
,,7453183,
,,7453184,
,,7453221,
,,7453222,
,,7453400,
,,7453401,
,,7456000,
,,7456400,
,,7456401,
,,7457000,
,,7457400,
,,7457401,
,,7458000,
,,7458400,
,,7458401,
,,7459000,
,,7459183,
,,7459184,
,,7459201,
,,7459203,
,,7459253,
,,7459256,
,,7459400,
,,7459401,
,,7460000,
,,7460183,
,,7460184,
,,7460201,
,,7460203,
,,7460242,
,,7460251,
,,7460256,
,,7460400,
,,7460401,
,,7461000,
,,7461233,
,,7461234,
,,7461265,
,,7461400,
,,7461401,
,,7462000,
,,7462233,
,,7462234,
,,7462265,
,,7462400,
,,7462401,
,,7463000,
,,7463183,
,,7463184,
,,7463221,
,,7463222,
,,7463271,
,,7463400,
,,7463401,
,,7464000,
,,7464183,
,,7464184,
,,7464221,
,,7464222,
,,7464271,
,,7464400,
,,7464401,
,,7465000,
,,7465183,
,,7465184,
,,7465201,
,,7465203,
,,7465400,
,,7465401,
,,7467000,
,,7467183,
,,7467185,
,,7467400,
,,7467401,
,,7468000,
,,7468400,
,,7468401,
,,7469000,
,,7469163,
,,7469164,
,,7469183,
,,7469184,
,,7469211,
,,7469213,
,,7469233,
,,7469234,
,,7469243,
,,7469244,
,,7469289,
,,7469290,
,,7469291,
,,7469292,
,,7469295,
,,7469400,
,,7469401,
,,7470000,
,,7470183,
,,7470184,
,,7470201,
,,7470203,
,,7470233,
,,7470234,
,,7470242,
,,7470251,
,,7470256,
,,7470400,
,,7470401,
,,7471000,
,,7471075,
,,7471251,
,,7471275,
,,7471277,
,,7471400,
,,7471401,
,,7472000,
,,7472183,
,,7472184,
,,7472201,
,,7472203,
,,7472233,
,,7472234,
,,7472251,
,,7472256,
,,7472400,
,,7472401,
,,7473000,
,,7473400,
,,7473401,
,,7474000,
,,7474183,
,,7474184,
,,7474201,
,,7474203,
,,7474233,
,,7474234,
,,7474251,
,,7474256,
,,7474400,
,,7474401,
,,7475000,
,,7475183,
,,7475184,
,,7475211,
,,7475213,
,,7475400,
,,7475401,
,,7476000,
,,7476183,
,,7476184,
,,7476201,
,,7476203,
,,7476400,
,,7476401,
,,7477000,
,,7477183,
,,7477184,
,,7477201,
,,7477203,
,,7477400,
,,7477401,
,,7480000,
,,7480183,
,,7480184,
,,7480400,
,,7480401,
,,7481000,
,,7481183,
,,7481184,
,,7481185,
,,7481400,
,,7481401,
,,7482000,
,,7482400,
,,7482401,
,,7483000,
,,7483251,
,,7483252,
,,7483400,
,,7483401,
,,7484000,
,,7484400,
,,7484401,
,,7485000,
,,7485173,
,,7485174,
,,7485175,
,,7485176,
,,7485177,
,,7485183,
,,7485184,
,,7485187,
,,7485188,
,,7485233,
,,7485234,
,,7485242,
,,7485248,
,,7485249,
,,7485251,
,,7485256,
,,7485259,
,,7485260,
,,7485265,
,,7485273,
,,7485288,
,,7485400,
,,7485401,
,,7486000,
,,7486183,
,,7486184,
,,7486201,
,,7486203,
,,7486221,
,,7486222,
,,7486233,
,,7486234,
,,7486242,
,,7486251,
,,7486256,
,,7486265,
,,7486400,
,,7486401,
,,7487000,
,,7487400,
,,7487401,
,,7488000,
,,7488183,
,,7488184,
,,7488201,
,,7488203,
,,7488250,
,,7488251,
,,7488253,
,,7488256,
,,7488400,
,,7488401,
,,7489000,
,,7489183,
,,7489184,
,,7489201,
,,7489203,
,,7489233,
,,7489234,
,,7489241,
,,7489242,
,,7489248,
,,7489249,
,,7489250,
,,7489251,
,,7489253,
,,7489256,
,,7489265,
,,7489269,
,,7489271,
,,7489272,
,,7489273,
,,7489284,
,,7489400,
,,7489401,
,,7489402,
,,7490000,
,,7490400,
,,7490401,
,,7491000,
,,7491400,
,,7491401,
,,7494000,
,,7494173,
,,7494174,
,,7494176,
,,7494177,
,,7494178,
,,7494181,
,,7494183,
,,7494184,
,,7494187,
,,7494188,
,,7494201,
,,7494203,
,,7494206,
,,7494207,
,,7494214,
,,7494215,
,,7494229,
,,7494233,
,,7494234,
,,7494240,
,,7494241,
,,7494242,
,,7494245,
,,7494246,
,,7494247,
,,7494248,
,,7494249,
,,7494250,
,,7494251,
,,7494256,
,,7494259,
,,7494260,
,,7494261,
,,7494265,
,,7494269,
,,7494271,
,,7494273,
,,7494284,
,,7494400,
,,7494401,
,,7494403,
,,7505000,
,,7505193,
,,7505195,
,,7505400,
,,7505401,
,,7506000,
,,7506183,
,,7506184,
,,7506201,
,,7506203,
,,7506211,
,,7506213,
,,7506233,
,,7506234,
,,7506400,
,,7506401,
,,7507000,
,,7507400,
,,7507401,
,,7508000,
,,7508400,
,,7508401,
,,7509000,
,,7509400,
,,7509401,
,,7510000,
,,7510400,
,,7510401,
,,7511000,
,,7511183,
,,7511184,
,,7511233,
,,7511234,
,,7511240,
,,7511242,
,,7511245,
,,7511251,
,,7511263,
,,7511265,
,,7511269,
,,7511400,
,,7511401,
,,7511405,
,,7512000,
,,7512400,
,,7512401,
,,7513000,
,,7513167,
,,7513168,
,,7513169,
,,7513170,
,,7513173,
,,7513174,
,,7513176,
,,7513177,
,,7513178,
,,7513183,
,,7513184,
,,7513187,
,,7513188,
,,7513233,
,,7513234,
,,7513242,
,,7513251,
,,7513256,
,,7513259,
,,7513260,
,,7513265,
,,7513267,
,,7513271,
,,7513400,
,,7513401,
,,7514000,
,,7514400,
,,7514401,
,,7514410,
,,7515000,
,,7515183,
,,7515184,
,,7515233,
,,7515234,
,,7515240,
,,7515242,
,,7515245,
,,7515251,
,,7515263,
,,7515265,
,,7515269,
,,7515400,
,,7515401,
,,7515450,
,,7515451,
,,7518000,
,,7518400,
,,7518401,
,,7521000,
,,7521263,
,,7521265,
,,7521400,
,,7521401,
,,7522000,
,,7522173,
,,7522174,
,,7522183,
,,7522184,
,,7522211,
,,7522213,
,,7522233,
,,7522234,
,,7522400,
,,7522401,
,,7523000,
,,7523400,
,,7523401,
,,7524000,
,,7524400,
,,7524401,
,,7525000,
,,7525400,
,,7525401,
,,7526000,
,,7526400,
,,7526401,
,,7527000,
,,7527400,
,,7527401,
,,7528000,
,,7528400,
,,7528401,
,,7528450,
,,7528455,
,,7530000,
,,7530224,
,,7530225,
,,7530227,
,,7530228,
,,7530400,
,,7530401,
,,7531000,
,,7531400,
,,7531401,
,,7532000,
,,7532183,
,,7532184,
,,7532187,
,,7532188,
,,7532242,
,,7532256,
,,7532400,
,,7532401,
,,7534000,
,,7534183,
,,7534184,
,,7534211,
,,7534213,
,,7534400,
,,7534401,
,,7535000,
,,7535400,
,,7535401,
,,7535450,
,,7535455,
,,7535460,
,,7536000,
,,7536400,
,,7536401,
,,7536450,
,,7536455,
,,7536460,
,,7537000,
,,7537400,
,,7537401,
,,7538000,
,,7538400,
,,7538401,
,,7539000,
,,7539400,
,,7539401,
,,7540000,
,,7540263,
,,7540264,
,,7540265,
,,7540400,
,,7540401,
,,7541000,
,,7541400,
,,7541401,
,,7543000,
,,7543400,
,,7543401,
,,7546000,
,,7546400,
,,7546401,
,,7547000,
,,7547400,
,,7547401,
,,7547405,
,,7552000,
,,7552183,
,,7552184,
,,7552233,
,,7552234,
,,7552242,
,,7552251,
,,7552256,
,,7552265,
,,7552400,
,,7552401,
,,7553000,
,,7553173,
,,7553175,
,,7553183,
,,7553184,
,,7553201,
,,7553203,
,,7553211,
,,7553213,
,,7553400,
,,7553401,
,,7554000,
,,7554117,
,,7554183,
,,7554184,
,,7554250,
,,7554251,
,,7554252,
,,7554265,
,,7554271,
,,7554276,
,,7554279,
,,7554400,
,,7554401,
,,7556000,
,,7556115,
,,7556116,
,,7556183,
,,7556184,
,,7556193,
,,7556195,
,,7556200,
,,7556201,
,,7556203,
,,7556204,
,,7556229,
,,7556233,
,,7556234,
,,7556241,
,,7556242,
,,7556246,
,,7556247,
,,7556248,
,,7556249,
,,7556250,
,,7556251,
,,7556253,
,,7556256,
,,7556263,
,,7556265,
,,7556269,
,,7556272,
,,7556273,
,,7556274,
,,7556286,
,,7556287,
,,7556400,
,,7556401,
,,7557000,
,,7557400,
,,7557401,
,,7559000,
,,7559265,
,,7559400,
,,7559401,
,,7561000,
,,7561263,
,,7561264,
,,7561265,
,,7561400,
,,7561401,
,,7562000,
,,7562400,
,,7562401,
,,7563000,
,,7563183,
,,7563184,
,,7563246,
,,7563248,
,,7563250,
,,7563251,
,,7563400,
,,7563401,
,,7564000,
,,7564400,
,,7564401,
,,7566000,
,,7566400,
,,7566401,
,,7571000,
,,7571400,
,,7571401,
,,7572000,
,,7572400,
,,7572401,
,,7576000,
,,7576183,
,,7576184,
,,7576242,
,,7576251,
,,7576252,
,,7576277,
,,7576278,
,,7576400,
,,7576401,
,,7577000,
,,7577108,
,,7577109,
,,7577173,
,,7577174,
,,7577175,
,,7577183,
,,7577184,
,,7577187,
,,7577188,
,,7577201,
,,7577203,
,,7577214,
,,7577215,
,,7577216,
,,7577217,
,,7577219,
,,7577220,
,,7577221,
,,7577222,
,,7577229,
,,7577233,
,,7577234,
,,7577240,
,,7577241,
,,7577242,
,,7577245,
,,7577248,
,,7577249,
,,7577250,
,,7577251,
,,7577253,
,,7577256,
,,7577263,
,,7577265,
,,7577267,
,,7577269,
,,7577271,
,,7577273,
,,7577284,
,,7577288,
,,7577400,
,,7577401,
,,7577402,
,,7577404,
,,7582000,
,,7582400,
,,7582401,
,,7584000,
,,7584163,
,,7584164,
,,7584165,
,,7584173,
,,7584174,
,,7584175,
,,7584183,
,,7584184,
,,7584185,
,,7584258,
,,7584400,
,,7584401,
,,7586000,
,,7586233,
,,7586234,
,,7586242,
,,7586265,
,,7586271,
,,7586288,
,,7586400,
,,7586401,
,,7586410,
,,7587000,
,,7587288,
,,7587400,
,,7587401,
,,7591000,
,,7591400,
,,7591401,
,,7591405,
,,7598000,
,,7598233,
,,7598234,
,,7598400,
,,7598401,
,,7599000,
,,7599400,
,,7599401,
,,7600000,
,,7600183,
,,7600184,
,,7600201,
,,7600202,
,,7600203,
,,7600271,
,,7600400,
,,7600401,
,,7607000,
,,7607183,
,,7607184,
,,7607185,
,,7607201,
,,7607203,
,,7607400,
,,7607401,
,,7610000,
,,7610401,
,,7612000,
,,7612183,
,,7612184,
,,7612201,
,,7612203,
,,7612233,
,,7612234,
,,7612241,
,,7612242,
,,7612248,
,,7612249,
,,7612250,
,,7612251,
,,7612253,
,,7612256,
,,7612265,
,,7612269,
,,7612271,
,,7612272,
,,7612273,
,,7612284,
,,7612400,
,,7612401,
,,7612403,
,,7613000,
,,7613173,
,,7613175,
,,7613263,
,,7613264,
,,7613265,
,,7613400,
,,7613401,
,,7614000,
,,7614400,
,,7614401,
,,7617000,
,,7617183,
,,7617184,
,,7617256,
,,7617400,
,,7617401,
,,7618000,
,,7618183,
,,7618184,
,,7618242,
,,7618256,
,,7618400,
,,7618401,
,,7619000,
,,7619183,
,,7619184,
,,7619242,
,,7619256,
,,7619400,
,,7619401,
,,7620000,
,,7620183,
,,7620184,
,,7620233,
,,7620234,
,,7620265,
,,7620271,
,,7620400,
,,7620401,
,,7623000,
,,7623400,
,,7623401,
,,7624000,
,,7624400,
,,7624401,
,,7628000,
,,7628400,
,,7628401,
,,7629000,
,,7629183,
,,7629184,
,,7629185,
,,7629242,
,,7629400,
,,7629401,
,,7630000,
,,7630183,
,,7630184,
,,7630241,
,,7630242,
,,7630253,
,,7630256,
,,7630265,
,,7630271,
,,7630400,
,,7630401,
,,7631000,
,,7631400,
,,7631401,
,,7637000,
,,7637400,
,,7637401,
,,7638000,
,,7638183,
,,7638184,
,,7638233,
,,7638234,
,,7638400,
,,7638401,
,,7641000,
,,7641400,
,,7641401,
,,7642000,
,,7642400,
,,7642401,
,,7643000,
,,7643183,
,,7643184,
,,7643201,
,,7643203,
,,7643400,
,,7643401,
,,7648000,
,,7648400,
,,7648401,
,,7651000,
,,7651173,
,,7651175,
,,7651183,
,,7651184,
,,7651185,
,,7651233,
,,7651234,
,,7651263,
,,7651265,
,,7651400,
,,7651401,
,,7652000,
,,7652173,
,,7652175,
,,7652183,
,,7652184,
,,7652185,
,,7652233,
,,7652234,
,,7652263,
,,7652265,
,,7652400,
,,7652401,
,,7653000,
,,7653173,
,,7653175,
,,7653183,
,,7653184,
,,7653185,
,,7653233,
,,7653234,
,,7653263,
,,7653265,
,,7653400,
,,7653401,
,,7655000,
,,7655400,
,,7655401,
,,7658000,
,,7658400,
,,7658401,
,,7660000,
,,7660180,
,,7660181,
,,7660183,
,,7660184,
,,7660219,
,,7660220,
,,7660221,
,,7660222,
,,7660223,
,,7660229,
,,7660400,
,,7660401,
,,7662000,
,,7662400,
,,7662401,
,,7663000,
,,7663400,
,,7663401,
,,7664000,
,,7664400,
,,7664401,
,,7666000,
,,7666180,
,,7666181,
,,7666183,
,,7666184,
,,7666219,
,,7666220,
,,7666221,
,,7666222,
,,7666223,
,,7666229,
,,7666400,
,,7666401,
,,7667000,
,,7667181,
,,7667183,
,,7667184,
,,7667201,
,,7667203,
,,7667219,
,,7667220,
,,7667221,
,,7667222,
,,7667229,
,,7667400,
,,7667401,
,,7667402,
,,7670000,
,,7670183,
,,7670184,
,,7670211,
,,7670213,
,,7670233,
,,7670234,
,,7670400,
,,7670401,
,,7671000,
,,7671400,
,,7671401,
,,7672000,
,,7672400,
,,7672401,
,,7673000,
,,7673163,
,,7673164,
,,7673183,
,,7673184,
,,7673233,
,,7673234,
,,7673400,
,,7673401,
,,7674000,
,,7674400,
,,7674401,
,,7676000,
,,7676400,
,,7677000,
,,7677183,
,,7677184,
,,7677241,
,,7677242,
,,7677253,
,,7677256,
,,7677271,
,,7677282,
,,7677283,
,,7677400,
,,7677401,
,,7678000,
,,7678400,
,,7678401,
,,7679000,
,,7679400,
,,7679401,
,,7684000,
,,7684400,
,,7684401,
,,7685000,
,,7685400,
,,7685401,
,,7686000,
,,7686400,
,,7686401,
,,7687000,
,,7687233,
,,7687234,
,,7687265,
,,7687400,
,,7687401,
,,7688000,
,,7688183,
,,7688184,
,,7688201,
,,7688203,
,,7688211,
,,7688213,
,,7688400,
,,7688401,
,,7689000,
,,7689400,
,,7689401,
,,7690000,
,,7690134,
,,7690135,
,,7690183,
,,7690184,
,,7690211,
,,7690213,
,,7690233,
,,7690234,
,,7690243,
,,7690244,
,,7690289,
,,7690290,
,,7690291,
,,7690292,
,,7690295,
,,7690400,
,,7690401,
,,7691180,
,,7691183,
,,7691221,
,,7691223,
,,7694000,
,,7694183,
,,7694184,
,,7694196,
,,7694197,
,,7694233,
,,7694234,
,,7694251,
,,7694400,
,,7694401,
,,7698000,
,,7698450,
,,7698451,
,,7699000,
,,7699321,
,,7699327,
,,7699336,
,,7699337,
,,7699450,
,,7699451,
,,7700000,
,,7700321,
,,7700327,
,,7700450,
,,7700451,
,,7701000,
,,7701301,
,,7701302,
,,7701303,
,,7701311,
,,7701312,
,,7701313,
,,7701321,
,,7701322,
,,7701323,
,,7701327,
,,7701336,
,,7701337,
,,7701338,
,,7701341,
,,7701450,
,,7701451,
,,7701464,
,,7702000,
,,7702450,
,,7702451,
,,7703000,
,,7703301,
,,7703303,
,,7703311,
,,7703313,
,,7703321,
,,7703327,
,,7703450,
,,7703451,
,,7703453,
,,7705000,
,,7705301,
,,7705302,
,,7705303,
,,7705306,
,,7705307,
,,7705308,
,,7705311,
,,7705312,
,,7705313,
,,7705321,
,,7705322,
,,7705327,
,,7705336,
,,7705337,
,,7705338,
,,7705339,
,,7705340,
,,7705341,
,,7705353,
,,7705361,
,,7705362,
,,7705363,
,,7705364,
,,7705367,
,,7705368,
,,7705369,
,,7705373,
,,7705450,
,,7705451,
,,7705455,
,,7705464,
,,7707000,
,,7707339,
,,7707341,
,,7707450,
,,7707451,
,,7708000,
,,7708450,
,,7708451,
,,7712000,
,,7712301,
,,7712303,
,,7712311,
,,7712313,
,,7712450,
,,7712451,
,,7717000,
,,7717450,
,,7717451,
,,7718000,
,,7718450,
,,7718451,
,,7718453,
,,7719000,
,,7719450,
,,7719451,
,,7720000,
,,7720450,
,,7720451,
,,7722000,
,,7722341,
,,7722450,
,,7722451,
,,7723000,
,,7723321,
,,7723322,
,,7723327,
,,7723341,
,,7723450,
,,7723451,
,,7724000,
,,7724450,
,,7724451,
,,7725000,
,,7725450,
,,7725451,
,,7727000,
,,7727301,
,,7727302,
,,7727303,
,,7727311,
,,7727312,
,,7727313,
,,7727321,
,,7727322,
,,7727323,
,,7727327,
,,7727336,
,,7727337,
,,7727338,
,,7727341,
,,7727342,
,,7727343,
,,7727353,
,,7727361,
,,7727362,
,,7727363,
,,7727364,
,,7727367,
,,7727368,
,,7727371,
,,7727373,
,,7727450,
,,7727451,
,,7729000,
,,7729450,
,,7729451,
,,7729453,
,,7729456,
,,7729467,
,,7730000,
,,7730450,
,,7730451,
,,7731000,
,,7731450,
,,7731451,
,,7732000,
,,7732450,
,,7732451,
,,7734000,
,,7734450,
,,7734451,
,,7734453,
,,7738000,
,,7738450,
,,7738451,
,,7738453,
,,7740000,
,,7740450,
,,7740451,
,,7740453,
,,7741000,
,,7741450,
,,7741451,
,,7742000,
,,7742341,
,,7742450,
,,7742451,
,,7742464,
,,7743000,
,,7743450,
,,7743451,
,,7744000,
,,7744341,
,,7744450,
,,7744451,
,,7745000,
,,7745450,
,,7745451,
,,7748000,
,,7748450,
,,7748451,
,,7751000,
,,7751450,
,,7751451,
,,7751459,
,,7754000,
,,7754450,
,,7754451,
,,7757000,
,,7757450,
,,7757451,
,,7758000,
,,7758341,
,,7758450,
,,7758451,
,,7760000,
,,7760341,
,,7760450,
,,7760451,
,,7763000,
,,7763450,
,,7763451,
,,7764000,
,,7764450,
,,7764451,
,,7767000,
,,7767450,
,,7767451,
,,7768000,
,,7768450,
,,7768451,
,,7769000,
,,7769450,
,,7769451,
,,7770000,
,,7770450,
,,7770451,
,,7779000,
,,7779450,
,,7779451,
,,7779464,
,,7782000,
,,7782333,
,,7782334,
,,7782335,
,,7782450,
,,7782451,
,,7784000,
,,7784450,
,,7784451,
,,7784455,
,,7785000,
,,7785450,
,,7785451,
,,7785453,
,,7786000,
,,7786450,
,,7786451,
,,7786464,
,,7788000,
,,7788450,
,,7788451,
,,7789000,
,,7789450,
,,7789451,
,,7790000,
,,7790450,
,,7790451,
,,7791000,
,,7791450,
,,7791451,
,,7791453,
,,7792000,
,,7792450,
,,7792451,
,,7793000,
,,7793450,
,,7793451,
,,7794000,
,,7794450,
,,7794451,
,,7795000,
,,7795450,
,,7795451,
,,7796000,
,,7796450,
,,7796451,
,,7801000,
,,7801450,
,,7801451,
,,7802000,
,,7802450,
,,7802451,
,,7803000,
,,7803450,
,,7803451,
,,7804000,
,,7804450,
,,7804451,
,,7805000,
,,7805450,
,,7805451,
,,7806000,
,,7806450,
,,7806451,
,,7808000,
,,7808450,
,,7808451,
,,7809000,
,,7809450,
,,7809451,
,,7810000,
,,7810450,
,,7810451,
,,7811000,
,,7811450,
,,7811451,
,,7812000,
,,7812341,
,,7812450,
,,7812451,
,,7813000,
,,7813301,
,,7813303,
,,7813311,
,,7813313,
,,7813336,
,,7813337,
,,7813339,
,,7813341,
,,7813343,
,,7813450,
,,7813451,
,,7815000,
,,7815450,
,,7815451,
,,7818000,
,,7818450,
,,7818451,
,,7822000,
,,7822450,
,,7822451,
,,7823000,
,,7823450,
,,7823451,
,,7824000,
,,7824341,
,,7824450,
,,7824451,
,,7826000,
,,7826450,
,,7826451,
,,7829000,
,,7829450,
,,7829451,
,,7830000,
,,7830450,
,,7830451,
,,7831000,
,,7831301,
,,7831303,
,,7831341,
,,7831450,
,,7831451,
,,7832000,
,,7832301,
,,7832303,
,,7832450,
,,7832451,
,,7835000,
,,7835341,
,,7835450,
,,7835451,
,,7836000,
,,7836450,
,,7836451,
,,7837000,
,,7837450,
,,7837451,
,,7838000,
,,7838450,
,,7838451,
,,7841000,
,,7841450,
,,7841451,
,,7842000,
,,7842450,
,,7842451,
,,7844000,
,,7844450,
,,7844451,
,,7846000,
,,7846301,
,,7846303,
,,7846311,
,,7846313,
,,7846336,
,,7846337,
,,7846339,
,,7846341,
,,7846343,
,,7846450,
,,7846451,
,,7847000,
,,7847450,
,,7847451,
,,7848000,
,,7848450,
,,7848451,
,,7848453,
,,7849000,
,,7849301,
,,7849303,
,,7849311,
,,7849313,
,,7849321,
,,7849327,
,,7849336,
,,7849337,
,,7849339,
,,7849340,
,,7849341,
,,7849343,
,,7849344,
,,7849354,
,,7849361,
,,7849362,
,,7849363,
,,7849364,
,,7849367,
,,7849368,
,,7849369,
,,7849371,
,,7849372,
,,7849373,
,,7849450,
,,7849451,
,,7850000,
,,7850341,
,,7850450,
,,7850451,
,,7851000,
,,7851450,
,,7851451,
,,7852000,
,,7852311,
,,7852313,
,,7852321,
,,7852327,
,,7852336,
,,7852337,
,,7852450,
,,7852451,
,,7853000,
,,7853311,
,,7853313,
,,7853321,
,,7853327,
,,7853336,
,,7853337,
,,7853450,
,,7853451,
,,7854000,
,,7854341,
,,7854450,
,,7854451,
,,7854453,
,,7855000,
,,7855450,
,,7855451,
,,7856000,
,,7856341,
,,7856450,
,,7856451,
,,7860000,
,,7860450,
,,7860451,
,,7862000,
,,7862450,
,,7862451,
,,7863000,
,,7863450,
,,7863451,
,,7869000,
,,7869311,
,,7869313,
,,7869450,
,,7870000,
,,7870450,
,,7870451,
,,7882000,
,,7882341,
,,7882450,
,,7882451,
,,7885000,
,,7885450,
,,7885451,
,,7886000,
,,7886339,
,,7886341,
,,7886450,
,,7886451,
,,7887000,
,,7887450,
,,7887451,
,,7888000,
,,7888450,
,,7888451,
,,7889000,
,,7889450,
,,7889451,
,,7890000,
,,7890450,
,,7890451,
,,8108000,
,,8108450,
,,8108451,
,,8124000,
,,8124400,
,,8124401,
,,8125000,
,,8125450,
,,8125451,
,,8128000,
,,8128341,
,,8128450,
,,8128451,
,,8130000,
,,8130400,
,,8130401,
,,8135000,
,,8135400,
,,8135401,
,,8138000,
,,8138450,
,,8138451,
,,8141000,
,,8141450,
,,8141451,
,,8142000,
,,8142450,
,,8142451,
,,8143000,
,,8143450,
,,8143451,
,,8144000,
,,8144450,
,,8144451,
,,8145000,
,,8145450,
,,8145451,
,,8146000,
,,8146450,
,,8146451,
,,8147000,
,,8147450,
,,8147451,
,,8148000,
,,8148450,
,,8148451,
,,8149000,
,,8149450,
,,8149451,
,,8152000,
,,8152450,
,,8152451,
,,8154000,
,,8154341,
,,8154450,
,,8154451,
,,8154453,
,,8155000,
,,8155341,
,,8155450,
,,8155451,
,,8155453,
,,8156000,
,,8156450,
,,8156451,
,,8157000,
,,8157450,
,,8157451,
,,8158000,
,,8158450,
,,8158451,
,,8161000,
,,8161450,
,,8161451,
,,8162000,
,,8162450,
,,8162451,
,,8163000,
,,8163450,
,,8163451,
,,8164000,
,,8164450,
,,8164451,
,,8167000,
,,8167450,
,,8167451,
,,8168000,
,,8168341,
,,8168450,
,,8168451,
,,9899000,
,,9899400,
,,9899401,
,,9899909,
,,9899910,
,,9901901,
,,9901902,
,,9901905,
,,9901906,
,4221,1306400,5841
